0.17062255373118715 0.10171226809887861 0.029260114278371975 -0.043863119587257006 -0.1147600549979129 -0.18062152658272668 -0.23883789029743988 -0.2871024259429629 -0.323502736863626 -0.3465965252741315 -0.3554687407522118 -0.34976783748929907 -0.3297197036699262 -0.29611871105289667 -0.25029623939870205 -0.19406792290694497 -0.12966170893016007 -0.05962957950994605 0.013253566386963895 0.08609986332057996 0.1560229059257517 0.22025211760738994 0.2762425297260299 0.3217756214681354 0.35504722480007234 0.3747390114277891 0.3800707292181757 0.37083111830651083 0.3473862818940544 0.3106651800577701 0.2621228213542504 0.20368261068527885 0.1376601377886441 0.06667142610014269 -0.006470722537057808 -0.07886818015857543 -0.14765232586124413 -0.2100977098205609 -0.2637300444079686 -0.30642424345141805 -0.33648862500732196 -0.3527319412583484 -0.3545105795961926 -0.34175406463010544 -0.3149678506493049 -0.27521329389289656 -0.22406559819060198 -0.16355140030372015 -0.09606846803653117 -0.024290692938108087 0.04893785790971173 0.12071563300813486 0.18819856527532383 0.24871276316220564 0.29986045886450025 0.3396150156209085 0.36640122960170907 0.3791577445677963 0.3773791062299521 0.36113578997892554 0.3310714084230217 0.2883772093795723 0.23474487479216452 0.17229949083284782 0.10351534513017911 0.03111788750866145 -0.042024261128539055 -0.11301297281704042 -0.17903544571367513 -0.23747565638264673 -0.2860180150861665 -0.3227391169224507 -0.3461839533349071 -0.355423564246572 -0.3500918464561854 -0.3304000598284687 -0.29712845649653175 -0.25159536475442623 -0.19560495263578634 -0.131375740954148 -0.06145269834897636 0.011393598584639748 0.08427674448154966 0.15430887390176376 0.21871508787854865 0.27494340437030573 0.3207658760245004 0.3543668686415299 0.3744150024609028 0.38011590572381543 0.3712436902457352 0.3481499018352297 0.3117495909145666 0.26348505526904353 0.20526869155433033 0.1394072199695166 0.06851028455886064 -0.004612949306768331 -0.07706510312727492 -0.14597538875958346
0.10171226809887861 0.032801982466570026 -0.039650171353936565 -0.11277340521956554 -0.18367034063022145 -0.24953181221503523 -0.3077481759297484 -0.3560127115752715 -0.39241302249593457 -0.41550681090644004 -0.42437902638452035 -0.4186781231216076 -0.3986299893022347 -0.3650289966852052 -0.3192065250310106 -0.2629782085392535 -0.19857199456246857 -0.12853986514225452 -0.05565671924534465 0.01718957768827146 0.08711262029344313 0.1513418319750814 0.2073322440937214 0.252865335835827 0.2861369391677638 0.3058287257954806 0.31116044358586714 0.3019208326742023 0.2784759962617459 0.24175489442546175 0.19321253572194189 0.13477232505297032 0.06874985215633553 -0.0022388595321658424 -0.07538100816936635 -0.147778465790884 -0.2165626114935527 -0.2790079954528694 -0.33264033004027715 -0.3753345290837266 -0.4053989106396305 -0.4216422268906569 -0.4234208652285011 -0.410664350262414 -0.38387813628161344 -0.34412357952520506 -0.2929758838229105 -0.2324616859360287 -0.16497875366883966 -0.09320097857041662 -0.01997242772259673 0.05180534737582627 0.11928827964301529 0.1798024775298971 0.2309501732321917 0.2707047299886 0.2974909439694005 0.3102474589354877 0.3084688205976436 0.29222550434661715 0.26216112279071335 0.21946692374726376 0.165834589159856 0.10338920520053928 0.03460505949787053 -0.03779239812364709 -0.1109345467608476 -0.18192325844934892 -0.24794573134598366 -0.3063859420149553 -0.35492830071847503 -0.3916494025547592 -0.41509423896721565 -0.4243338498788805 -0.4190021320884939 -0.3993103454607772 -0.36603874212884024 -0.3205056503867348 -0.26451523826809487 -0.2002860265864565 -0.1303629839812849 -0.05751668704766879 0.015366458849241156 0.08539858826945522 0.1498048022462401 0.2060331187379972 0.25185559039219185 0.28545658300922133 0.30550471682859426 0.31120562009150704 0.30233340461342667 0.2792396162029212 0.2428393052822582 0.19457476963673498 0.13635840592202178 0.07049693433720805 -0.00040000107344789385 -0.0735232349390768 -0.14597538875958346 -0.214885674391892
0.029260114278371975 -0.039650171353936565 -0.11210232517444324 -0.18522555904007218 -0.2561224944507281 -0.32198396603554186 -0.3802003297502551 -0.42846486539577816 -0.4648651763164412 -0.4879589647269466 -0.496831180205027 -0.4911302769421142 -0.4710821431227414 -0.4374811505057118 -0.3916586788515172 -0.33543036235976015 -0.2710241483829752 -0.20099201896276117 -0.1281088730658513 -0.05526257613223521 0.01466046647293642 0.0788896781545748 0.1348800902732148 0.18041318201532025 0.21368478534725718 0.23337657197497397 0.23870828976536054 0.2294686788536955 0.20602384244123914 0.16930274060495498 0.12076038190143529 0.062320171232463605 -0.0037023016641711416 -0.07469101335267243 -0.14783316198987298 -0.22023061961139065 -0.28901476531405934 -0.35146014927337604 -0.4050924838607838 -0.4477866829042333 -0.4778510644601371 -0.4940943807111635 -0.49587301904900777 -0.4831165040829207 -0.4563302901021201 -0.4165757333457117 -0.36542803764341714 -0.30491383975653535 -0.2374309074893463 -0.1656531323909233 -0.0924245815431034 -0.0206468064446804 0.04683612582250866 0.1073503237093905 0.1584980194116851 0.19825257616809341 0.22503879014889394 0.23779530511498112 0.23601666677713679 0.2197733505261104 0.1897089689702066 0.14701476992675716 0.0933824353393494 0.030937051380032648 -0.03784709432263606 -0.11024455194415377 -0.18338670058135423 -0.25437541226985555 -0.3203978851664903 -0.3788380958354619 -0.42738045453898166 -0.46410155637526584 -0.4875463927877222 -0.4967860036993872 -0.4914542859090006 -0.4717624992812839 -0.4384908959493469 -0.3929578042072414 -0.3369673920886015 -0.2727381804069631 -0.20281513780179153 -0.1299688408681754 -0.05708569497126552 0.012946434448948508 0.07735264842573353 0.13358096491749047 0.1794034365716851 0.21300442918871476 0.2330525630080877 0.2387534662710003 0.22988125079292007 0.2067874623824146 0.17038715146175146 0.12212261581622838 0.06390625210151515 -0.001955219483298578 -0.07285215489395448 -0.14597538875958346 -0.21842754258009014 -0.2873378282123986
-0.043863119587257006 -0.11277340521956554 -0.18522555904007218 -0.2583487929057011 -0.329245728316357 -0.39510719990117077 -0.453323563615884 -0.501588099261407 -0.5379884101820701 -0.5610821985925756 -0.5699544140706558 -0.5642535108077432 -0.5442053769883702 -0.5106043843713408 -0.46478191271714614 -0.40855359622538906 -0.3441473822486042 -0.2741152528283901 -0.20123210693148022 -0.12838580999786411 -0.058462767392692475 0.0057664442889458715 0.06175685640758577 0.10728994814969127 0.14056155148162822 0.160253338109345 0.16558505589973158 0.1563454449880667 0.1329006085756103 0.096179506739326 0.04763714803580627 -0.010803062633165291 -0.07682553552980004 -0.14781424721830141 -0.22095639585550192 -0.2933538534770196 -0.36213799917968825 -0.424583383139005 -0.4782157177264127 -0.5209099167698621 -0.550974298325766 -0.5672176145767924 -0.5689962529146366 -0.5562397379485494 -0.5294535239677489 -0.4896989672113406 -0.4385512715090461 -0.3780370736221642 -0.3105541413549752 -0.23877636625655224 -0.16554781540873234 -0.09377004031030929 -0.026287108043120316 0.03422708984376148 0.08537478554605611 0.12512934230246442 0.15191555628326497 0.16467207124935215 0.16289343291150798 0.14665011666048144 0.1165857351045776 0.07389153606112818 0.020259201473720373 -0.04218618248559633 -0.11097032818826504 -0.18336778580978266 -0.25650993444698317 -0.3274986461354845 -0.3935211190321192 -0.4519613297010908 -0.5005036884046106 -0.5372247902408949 -0.5606696266533512 -0.5699092375650161 -0.5645775197746294 -0.5448857331469127 -0.5116141298149759 -0.4660810380728703 -0.41009062595423046 -0.3458614142725921 -0.27593837166742047 -0.20309207473380436 -0.13020892883689442 -0.06017679941668039 0.004229414560104503 0.060457731051861606 0.10628020270605627 0.1398811953230858 0.15992932914245872 0.1656302324053713 0.1567580169272911 0.1336642285167856 0.09726391759612248 0.04899938195059936 -0.009216981764113829 -0.07507845334892756 -0.14597538875958346 -0.2190986226252124 -0.29155077644571903 -0.3604610620780276
-0.1147600549979129 -0.18367034063022145 -0.2561224944507281 -0.329245728316357 -0.40014266372701296 -0.4660041353118268 -0.52422049902654 -0.572485034672063 -0.608885345592726 -0.6319791340032315 -0.6408513494813118 -0.6351504462183991 -0.6151023123990261 -0.5815013197819967 -0.5356788481278021 -0.47945053163604495 -0.41504431765926003 -0.34501218823904606 -0.27212904234213614 -0.19928274540852 -0.12935970280334838 -0.06513049112171003 -0.009140079003070137 0.03639301273903532 0.06966461607097227 0.0893564026986891 0.09468812048907567 0.08544850957741064 0.062003673164954295 0.025282571328670057 -0.02325978737484963 -0.08169999804382128 -0.147722470940456 -0.2187111826289573 -0.2918533312661578 -0.36425078888767554 -0.4330349345903442 -0.49548031854966096 -0.5491126531370686 -0.5918068521805182 -0.621871233736422 -0.6381145499874484 -0.6398931883252925 -0.6271366733592055 -0.600350459378405 -0.5605959026219965 -0.509448206919702 -0.4489340090328202 -0.3814510767656311 -0.3096733016672082 -0.23644475081938823 -0.16466697572096528 -0.09718404345377622 -0.03666984556689443 0.014477850135400167 0.054232406891808485 0.08101862087260907 0.09377513583869625 0.09199649750085191 0.07575318124982552 0.04568879969392165 0.002994600650472238 -0.05063773393693553 -0.11308311789625224 -0.18186726359892094 -0.2542647212204386 -0.3274068698576391 -0.3983955815461404 -0.4644180544427752 -0.5228582651117467 -0.5714006238152666 -0.6081217256515508 -0.6315665620640071 -0.640806172975672 -0.6354744551852854 -0.6157826685575688 -0.5825110652256318 -0.5369779734835262 -0.4809875613648864 -0.416758349683248 -0.34683530707807636 -0.27398901014446025 -0.20110586424755036 -0.13107373482733628 -0.0666675208505514 -0.010439204358794378 0.03538326729540025 0.06898425991242985 0.08903239373180265 0.09473329699471542 0.08586108151663502 0.06276729310612968 0.026366982185466528 -0.02189755346005655 -0.08011391717476973 -0.14597538875958346 -0.21687232417023936 -0.28999555803586835 -0.362447711856375 -0.4313579974886834
-0.18062152658272668 -0.24953181221503523 -0.32198396603554186 -0.39510719990117077 -0.4660041353118268 -0.5318656068966405 -0.5900819706113537 -0.6383465062568767 -0.6747468171775397 -0.6978406055880452 -0.7067128210661257 -0.7010119178032128 -0.6809637839838399 -0.6473627913668104 -0.6015403197126158 -0.5453120032208587 -0.4809057892440738 -0.4108736598238598 -0.33799051392694995 -0.2651442169933338 -0.1952211743881622 -0.13099196270652386 -0.07500155058788387 -0.02946845884577841 0.0038031444861585423 0.023494931113875326 0.028826648904261894 0.01958703799259695 -0.003857798419859434 -0.04057890025614367 -0.08912125895966336 -0.147561469628635 -0.21358394252526974 -0.2845726542137711 -0.35771480285097157 -0.4301122604724893 -0.498896406175158 -0.5613417901344747 -0.6149741247218823 -0.6576683237653319 -0.6877327053212358 -0.7039760215722621 -0.7057546599101062 -0.6929981449440192 -0.6662119309632187 -0.6264573742068102 -0.5753096785045158 -0.514795480617634 -0.44731254835044487 -0.37553477325202195 -0.302306222404202 -0.230528447305779 -0.16304551503858994 -0.10253131715170816 -0.05138362144941356 -0.011629064693005245 0.015157149287795298 0.027913664253882475 0.026135025916038227 0.009891709665011758 -0.02017267189089207 -0.06286687093434148 -0.11649920552174926 -0.17894458948106595 -0.24772873518373467 -0.3201261928052524 -0.3932683414424528 -0.4642570531309541 -0.5302795260275889 -0.5887197366965604 -0.6372620954000803 -0.6739831972363645 -0.6974280336488208 -0.7066676445604857 -0.7013359267700991 -0.6816441401423825 -0.6483725368104456 -0.60283944506834 -0.5468490329497001 -0.4826198212680617 -0.4126967786628901 -0.339850481729274 -0.26696733583236415 -0.1969352064121501 -0.13252899243536512 -0.0763006759436081 -0.03047820428941348 0.0031227883276161122 0.023170922146988956 0.028871825409901648 0.019999609931821337 -0.0030941784786840537 -0.0394944893993472 -0.08775902504487028 -0.14597538875958346 -0.2118368603443972 -0.28273379575505314 -0.35585702962068205 -0.4283091834411887 -0.49721946907349723
-0.23883789029743988 -0.3077481759297484 -0.3802003297502551 -0.453323563615884 -0.52422049902654 -0.5900819706113537 -0.6482983343260669 -0.6965628699715899 -0.732963180892253 -0.7560569693027585 -0.7649291847808388 -0.759228281517926 -0.7391801476985531 -0.7055791550815236 -0.659756683427329 -0.6035283669355719 -0.539122152958787 -0.46909002353857304 -0.39620687764166307 -0.32336058070804696 -0.2534375381028754 -0.189208326421237 -0.13321791430259705 -0.0876848225604916 -0.054413219228554646 -0.034721432600837855 -0.02938971481045129 -0.038629325722116234 -0.06207416213457262 -0.09879526397085686 -0.14733762267437658 -0.2057778333433482 -0.2718003062399829 -0.34278901792848426 -0.4159311665656847 -0.48832862418720246 -0.5571127698898712 -0.6195581538491879 -0.6731904884365955 -0.7158846874800451 -0.7459490690359489 -0.7621923852869753 -0.7639710236248195 -0.7512145086587324 -0.7244282946779319 -0.6846737379215234 -0.633526042219229 -0.5730118443323472 -0.505528912065158 -0.4337511369667351 -0.3605225861189152 -0.2887448110204922 -0.22126187875330314 -0.16074768086642133 -0.10959998516412675 -0.06984542840771843 -0.04305921442691789 -0.030302699460830713 -0.032081337798674954 -0.048324654049701425 -0.07838903560560526 -0.12108323464905467 -0.17471556923646245 -0.23716095319577915 -0.30594509889844784 -0.3783425565199656 -0.45148470515716604 -0.5224734168456673 -0.588495889742302 -0.6469361004112736 -0.6954784591147934 -0.7321995609510776 -0.7556443973635341 -0.7648840082751989 -0.7595522904848123 -0.7398605038570957 -0.7065889005251588 -0.6610558087830531 -0.6050653966644133 -0.5408361849827749 -0.47091314237760334 -0.39806684544398724 -0.3251836995470773 -0.2551515701268633 -0.19074535615007834 -0.1345170396583213 -0.08869456800412666 -0.055093575387097075 -0.03504544156772423 -0.02934453830481154 -0.03821675378289185 -0.06131054219339724 -0.09771085311406039 -0.14597538875958346 -0.20419175247429663 -0.27005322405911036 -0.3409501594697663 -0.4140733933353952 -0.4865255471559019 -0.5554358327882103
-0.2871024259429629 -0.3560127115752715 -0.42846486539577816 -0.501588099261407 -0.572485034672063 -0.6383465062568767 -0.6965628699715899 -0.744827405617113 -0.781227716537776 -0.8043215049482815 -0.8131937204263618 -0.8074928171634491 -0.7874446833440761 -0.7538436907270467 -0.708021219072852 -0.6517929025810949 -0.5873866886043101 -0.5173545591840961 -0.44447141328718615 -0.37162511635357004 -0.30170207374839847 -0.23747286206676008 -0.18148244994812016 -0.13594935820601467 -0.10267775487407772 -0.08298596824636094 -0.07765425045597436 -0.08689386136763931 -0.1103386977800957 -0.14705979961637994 -0.19560215831989966 -0.2540423689888713 -0.320064841885506 -0.39105355357400734 -0.46419570221120776 -0.5365931598327256 -0.6053773055353943 -0.667822689494711 -0.7214550240821186 -0.7641492231255681 -0.794213604681472 -0.8104569209324983 -0.8122355592703425 -0.7994790443042555 -0.7726928303234549 -0.7329382735670465 -0.6817905778647521 -0.6212763799778702 -0.5537934477106812 -0.4820156726122582 -0.4087871217644382 -0.3370093466660153 -0.2695264143988262 -0.2090122165119444 -0.15786452080964986 -0.1181099640532415 -0.09132375007244097 -0.07856723510635379 -0.08034587344419804 -0.09658918969522451 -0.12665357125112833 -0.1693477702945778 -0.22298010488198552 -0.2854254888413022 -0.3542096345439709 -0.4266070921654887 -0.4997492408026891 -0.5707379524911904 -0.6367604253878252 -0.6952006360567967 -0.7437429947603166 -0.7804640965966007 -0.8039089330090571 -0.813148543920722 -0.8078168261303353 -0.7881250395026188 -0.7548534361706818 -0.7093203444285762 -0.6533299323099364 -0.589100720628298 -0.5191776780231264 -0.4463313810895103 -0.37344823519260034 -0.30341610577238637 -0.23900989179560142 -0.18278157530384437 -0.13695910364964975 -0.10335811103262015 -0.0833099772132473 -0.07760907395033462 -0.08648128942841493 -0.10957507783892032 -0.14597538875958346 -0.19423992440510654 -0.25245628811981974 -0.31831775970463344 -0.3892146951152894 -0.4623379289809183 -0.534790082801425 -0.6037003684337334
-0.323502736863626 -0.39241302249593457 -0.4648651763164412 -0.5379884101820701 -0.608885345592726 -0.6747468171775397 -0.732963180892253 -0.781227716537776 -0.8176280274584391 -0.8407218158689447 -0.8495940313470248 -0.8438931280841122 -0.8238449942647393 -0.7902440016477098 -0.7444215299935152 -0.6881932135017581 -0.6237869995249732 -0.5537548701047592 -0.4808717242078493 -0.4080254272742332 -0.3381023846690615 -0.2738731729874232 -0.21788276086878328 -0.17234966912667776 -0.13907806579474086 -0.11938627916702409 -0.11405456137663751 -0.12329417228830238 -0.1467390087007588 -0.18346011053704303 -0.23200246924056278 -0.2904426799095344 -0.35646515280616914 -0.42745386449467043 -0.500596013131871 -0.5729934707533886 -0.6417776164560572 -0.704223000415374 -0.7578553350027817 -0.8005495340462311 -0.8306139156021352 -0.8468572318531615 -0.8486358701910057 -0.8358793552249185 -0.8090931412441179 -0.7693385844877096 -0.718190888785415 -0.6576766908985332 -0.5901937586313443 -0.5184159835329214 -0.44518743268510136 -0.3734096575866784 -0.30592672531948933 -0.24541252743260752 -0.19426483173031298 -0.1545102749739046 -0.1277240609931041 -0.11496754602701693 -0.1167461843648611 -0.13298950061588757 -0.16305388217179145 -0.2057480812152409 -0.25938041580264865 -0.32182579976196535 -0.39060994546463407 -0.46300740308615174 -0.5361495517233522 -0.6071382634118535 -0.6731607363084883 -0.7316009469774598 -0.7801433056809796 -0.8168644075172639 -0.8403092439297203 -0.8495488548413851 -0.8442171370509985 -0.8245253504232818 -0.7912537470913448 -0.7457206553492394 -0.6897302432305995 -0.6255010315489611 -0.5555779889437895 -0.48273169201017346 -0.4098485461132635 -0.3398164166930494 -0.27541020271626454 -0.21918188622450746 -0.17335941457031284 -0.1397584219532833 -0.11971028813391037 -0.11400938487099777 -0.122881600349078 -0.14597538875958346 -0.18237569968024656 -0.23064023532576963 -0.28885659904048283 -0.3547180706252966 -0.4256150060359525 -0.49873823990158145 -0.571190393722088 -0.6401006793543965
-0.3465965252741315 -0.41550681090644004 -0.4879589647269466 -0.5610821985925756 -0.6319791340032315 -0.6978406055880452 -0.7560569693027585 -0.8043215049482815 -0.8407218158689447 -0.8638156042794501 -0.8726878197575303 -0.8669869164946177 -0.8469387826752448 -0.8133377900582153 -0.7675153184040207 -0.7112870019122636 -0.6468807879354787 -0.5768486585152646 -0.5039655126183548 -0.4311192156847386 -0.361196173079567 -0.2969669613979286 -0.24097654927928872 -0.1954434575371832 -0.16217185420524624 -0.14248006757752954 -0.137148349787143 -0.14638796069880786 -0.16983279711126423 -0.20655389894754847 -0.2550962576510682 -0.3135364683200398 -0.3795589412166745 -0.4505476529051759 -0.5236898015423764 -0.596087259163894 -0.6648714048665627 -0.7273167888258795 -0.7809491234132871 -0.8236433224567367 -0.8537077040126404 -0.869951020263667 -0.8717296586015112 -0.858973143635424 -0.8321869296546235 -0.7924323728982151 -0.7412846771959205 -0.6807704793090388 -0.6132875470418497 -0.5415097719434266 -0.4682812210956068 -0.3965034459971838 -0.32902051372999475 -0.26850631584311296 -0.2173586201408184 -0.17760406338441004 -0.1508178494036095 -0.13806133443752241 -0.13983997277536656 -0.156083289026393 -0.18614767058229686 -0.22884186962574632 -0.28247420421315406 -0.34491958817247076 -0.41370373387513953 -0.48610119149665715 -0.5592433401338577 -0.630232051822359 -0.6962545247189937 -0.7546947353879653 -0.803237094091485 -0.8399581959277693 -0.8634030323402258 -0.8726426432518906 -0.867310925461504 -0.8476191388337873 -0.8143475355018502 -0.7688144437597448 -0.7128240316411049 -0.6485948199594666 -0.5786717773542949 -0.5058254804206788 -0.43294233452376896 -0.3629102051035549 -0.29850399112676995 -0.2422756746350129 -0.19645320298081828 -0.16285221036378872 -0.14280407654441585 -0.13710317328150315 -0.14597538875958346 -0.1690691771700889 -0.205469488090752 -0.25373402373627507 -0.31195038745098824 -0.377811859035802 -0.44870879444645795 -0.5218320283120869 -0.5942841821325935 -0.6631944677649021
-0.3554687407522118 -0.42437902638452035 -0.496831180205027 -0.5699544140706558 -0.6408513494813118 -0.7067128210661257 -0.7649291847808388 -0.8131937204263618 -0.8495940313470248 -0.8726878197575303 -0.8815600352356107 -0.8758591319726979 -0.8558109981533251 -0.8222100055362955 -0.7763875338821009 -0.7201592173903438 -0.6557530034135589 -0.5857208739933449 -0.512837728096435 -0.4399914311628189 -0.37006838855764734 -0.3058391768760089 -0.249848764757369 -0.20431567301526352 -0.17104406968332656 -0.15135228305560983 -0.14602056526522325 -0.15526017617688817 -0.17870501258934454 -0.21542611442562878 -0.2639684731291485 -0.3224086837981201 -0.3884311566947549 -0.4594198683832562 -0.5325620170204566 -0.6049594746419744 -0.6737436203446431 -0.7361890043039598 -0.7898213388913674 -0.832515537934817 -0.8625799194907209 -0.8788232357417473 -0.8806018740795913 -0.8678453591135044 -0.8410591451327039 -0.8013045883762954 -0.7501568926740009 -0.6896426947871191 -0.62215976251993 -0.550381987421507 -0.4771534365736871 -0.40537566147526416 -0.33789272920807506 -0.2773785313211933 -0.2262308356188987 -0.18647627886249035 -0.1596900648816898 -0.14693354991560267 -0.14871218825344687 -0.1649555045044733 -0.19501988606037718 -0.23771408510382663 -0.29134641969123437 -0.3537918036505511 -0.42257594935321974 -0.4949734069747375 -0.568115555611938 -0.6391042673004392 -0.705126740197074 -0.7635669508660455 -0.8121093095695654 -0.8488304114058496 -0.8722752478183059 -0.8815148587299708 -0.8761831409395843 -0.8564913543118676 -0.8232197509799306 -0.7776866592378251 -0.7216962471191852 -0.6574670354375468 -0.5875439928323752 -0.5146976958987591 -0.4418145500018492 -0.37178242058163524 -0.30737620660485027 -0.2511478901130932 -0.2053254184588986 -0.17172442584186903 -0.15167629202249616 -0.14597538875958346 -0.15484760423766378 -0.1779413926481692 -0.2143417035688323 -0.2626062392143554 -0.32082260292906856 -0.38668407451388226 -0.45758100992453826 -0.5307042437901671 -0.6031563976106739 -0.6720666832429822
-0.34976783748929907 -0.4186781231216076 -0.4911302769421142 -0.5642535108077432 -0.6351504462183991 -0.7010119178032128 -0.759228281517926 -0.8074928171634491 -0.8438931280841122 -0.8669869164946177 -0.8758591319726979 -0.8701582287097853 -0.8501100948904124 -0.8165091022733829 -0.7706866306191883 -0.7144583141274312 -0.6500521001506463 -0.5800199707304322 -0.5071368248335224 -0.4342905278999062 -0.3643674852947346 -0.3001382736130962 -0.24414786149445633 -0.19861476975235082 -0.16534316642041388 -0.14565137979269718 -0.1403196620023106 -0.14955927291397547 -0.17300410932643184 -0.20972521116271609 -0.25826756986623584 -0.31670778053520743 -0.38273025343184214 -0.4537189651203435 -0.526861113757544 -0.5992585713790616 -0.6680427170817304 -0.730488101041047 -0.7841204356284548 -0.8268146346719042 -0.856879016227808 -0.8731223324788346 -0.8749009708166787 -0.8621444558505916 -0.835358241869791 -0.7956036851133828 -0.7444559894110881 -0.6839417915242063 -0.6164588592570174 -0.5446810841585943 -0.47145253331077447 -0.3996747582123514 -0.3321918259451624 -0.27167762805828055 -0.22052993235598603 -0.18077537559957765 -0.15398916161877713 -0.14123264665269003 -0.1430112849905342 -0.15925460124156063 -0.18931898279746448 -0.23201318184091393 -0.2856455164283217 -0.3480909003876384 -0.4168750460903071 -0.48927250371182474 -0.5624146523490252 -0.6334033640375266 -0.6994258369341614 -0.7578660476031329 -0.8064084063066527 -0.843129508142937 -0.8665743445553933 -0.8758139554670582 -0.8704822376766717 -0.8507904510489548 -0.8175188477170179 -0.7719857559749125 -0.7159953438562725 -0.6517661321746342 -0.5818430895694625 -0.5089967926358464 -0.4361136467389366 -0.3660815173187225 -0.3016753033419376 -0.24544698685018052 -0.1996245151959859 -0.16602352257895633 -0.14597538875958346 -0.14027448549667076 -0.14914670097475108 -0.17224048938525652 -0.2086408003059196 -0.2569053359514427 -0.3151216996661559 -0.38098317125096964 -0.45188010666162554 -0.5250033405272545 -0.5974554943477611 -0.6663657799800696
-0.3297197036699262 -0.3986299893022347 -0.4710821431227414 -0.5442053769883702 -0.6151023123990261 -0.6809637839838399 -0.7391801476985531 -0.7874446833440761 -0.8238449942647393 -0.8469387826752448 -0.8558109981533251 -0.8501100948904124 -0.8300619610710395 -0.7964609684540099 -0.7506384967998153 -0.6944101803080582 -0.6300039663312733 -0.5599718369110595 -0.4870886910141495 -0.41424239408053337 -0.3443193514753617 -0.2800901397937233 -0.22409972767508343 -0.17856663593297795 -0.14529503260104104 -0.12560324597332426 -0.12027152818293768 -0.12951113909460255 -0.15295597550705897 -0.18967707734334321 -0.23821943604686294 -0.29665964671583456 -0.36268211961246927 -0.43367083130097056 -0.5068129799381711 -0.5792104375596887 -0.6479945832623574 -0.7104399672216741 -0.7640723018090819 -0.8067665008525313 -0.8368308824084353 -0.8530741986594617 -0.8548528369973059 -0.8420963220312186 -0.8153101080504181 -0.7755555512940098 -0.7244078555917152 -0.6638936577048334 -0.5964107254376444 -0.5246329503392215 -0.45140439949140154 -0.37962662439297856 -0.3121436921257895 -0.2516294942389077 -0.20048179853661313 -0.16072724178020478 -0.13394102779940428 -0.1211845128333171 -0.12296315117116126 -0.13920646742218773 -0.1692708489780916 -0.21196504802154106 -0.2655973826089488 -0.32804276656826553 -0.3968269122709342 -0.4692243698924519 -0.5423665185296523 -0.6133552302181537 -0.6793777031147884 -0.73781791378376 -0.7863602724872797 -0.823081374323564 -0.8465262107360204 -0.8557658216476852 -0.8504341038572987 -0.8307423172295819 -0.797470713897645 -0.7519376221555395 -0.6959472100368997 -0.6317179983552612 -0.5617949557500898 -0.4889486588164736 -0.4160655129195637 -0.3460333834993496 -0.2816271695225647 -0.22539885303080764 -0.17957638137661303 -0.14597538875958346 -0.12592725494021054 -0.12022635167729792 -0.12909856715537815 -0.15219235556588362 -0.18859266648654674 -0.23685720213206982 -0.295073565846783 -0.3609350374315968 -0.4318319728422526 -0.5049552067078816 -0.5774073605283881 -0.6463176461606968
-0.29611871105289667 -0.3650289966852052 -0.4374811505057118 -0.5106043843713408 -0.5815013197819967 -0.6473627913668104 -0.7055791550815236 -0.7538436907270467 -0.7902440016477098 -0.8133377900582153 -0.8222100055362955 -0.8165091022733829 -0.7964609684540099 -0.7628599758369805 -0.7170375041827859 -0.6608091876910287 -0.5964029737142439 -0.5263708442940297 -0.45348769839711994 -0.3806414014635038 -0.31071835885833216 -0.2464891471766938 -0.1904987350580539 -0.14496564331594838 -0.11169403998401144 -0.09200225335629474 -0.08667053556590817 -0.09591014647757302 -0.11935498289002941 -0.15607608472631365 -0.20461844342983337 -0.26305865409880497 -0.32908112699543973 -0.4000698386839411 -0.47321198732114156 -0.5456094449426592 -0.614393590645328 -0.6768389746046446 -0.7304713091920524 -0.7731655082355018 -0.8032298897914056 -0.8194732060424321 -0.8212518443802763 -0.8084953294141891 -0.7817091154333886 -0.7419545586769803 -0.6908068629746857 -0.6302926650878039 -0.562809732820615 -0.4910319577221918 -0.417803406874372 -0.34602563177594897 -0.27854269950875993 -0.21802850162187815 -0.16688080591958357 -0.12712624916317522 -0.10034003518237468 -0.08758352021628758 -0.08936215855413175 -0.10560547480515814 -0.13566985636106205 -0.1783640554045115 -0.23199638999191924 -0.29444177395123594 -0.36322591965390466 -0.43562337727542233 -0.5087655259126228 -0.5797542376011242 -0.645776710497759 -0.7042169211667305 -0.7527592798702502 -0.7894803817065346 -0.8129252181189909 -0.8221648290306558 -0.8168331112402691 -0.7971413246125524 -0.7638697212806155 -0.71833662953851 -0.66234621741987 -0.5981170057382318 -0.52819396313306 -0.45534766619944395 -0.38246452030253414 -0.3124323908823201 -0.24802617690553516 -0.19179786041377808 -0.14597538875958346 -0.11237439614255396 -0.09232626232318103 -0.08662535906026833 -0.09549757453834865 -0.11859136294885411 -0.15499167386951718 -0.20325620951504025 -0.2614725732297534 -0.3273340448145672 -0.39823098022522313 -0.4713542140908521 -0.5438063679113587 -0.6127166535436672
-0.25029623939870205 -0.3192065250310106 -0.3916586788515172 -0.46478191271714614 -0.5356788481278021 -0.6015403197126158 -0.659756683427329 -0.708021219072852 -0.7444215299935152 -0.7675153184040207 -0.7763875338821009 -0.7706866306191883 -0.7506384967998153 -0.7170375041827859 -0.6712150325285912 -0.6149867160368341 -0.5505805020600493 -0.48054837263983513 -0.4076652267429253 -0.33481892980930916 -0.26489588720413754 -0.20066667552249917 -0.1446762634038593 -0.09914317166175377 -0.06587156832981682 -0.04617978170210011 -0.04084806391171354 -0.050087674823378406 -0.07353251123583479 -0.11025361307211902 -0.15879597177563876 -0.21723618244461035 -0.2832586553412451 -0.35424736702974646 -0.42738951566694694 -0.49978697328846455 -0.5685711189911333 -0.63101650295045 -0.6846488375378578 -0.7273430365813072 -0.757407418137211 -0.7736507343882375 -0.7754293727260817 -0.7626728577599945 -0.735886643779194 -0.6961320870227857 -0.6449843913204911 -0.5844701934336093 -0.5169872611664204 -0.4452094860679972 -0.3719809352201774 -0.30020316012175435 -0.2327202278545653 -0.1722060299676835 -0.12105833426538899 -0.0813037775089806 -0.05451756352818006 -0.041761048562092964 -0.043539686899937126 -0.059783003150963514 -0.08984738470686743 -0.13254158375031694 -0.18617391833772462 -0.24861930229704132 -0.31740344799971004 -0.3898009056212277 -0.4629430542584282 -0.5339317659469296 -0.5999542388435644 -0.6583944495125359 -0.7069368082160555 -0.7436579100523398 -0.7671027464647963 -0.7763423573764612 -0.7710106395860745 -0.7513188529583578 -0.7180472496264209 -0.6725141578843153 -0.6165237457656754 -0.5522945340840372 -0.4823714914788655 -0.4095251945452493 -0.33664204864833946 -0.26660991922812544 -0.20220370525134052 -0.14597538875958346 -0.10015291710538883 -0.06655192448835932 -0.046503790668986404 -0.04080288740607371 -0.04967510288415402 -0.0727688912946595 -0.10916920221532256 -0.15743373786084564 -0.2156501015755588 -0.28151157316037256 -0.3524085085710285 -0.4255317424366575 -0.49798389625716405 -0.5668941818894726
-0.19406792290694497 -0.2629782085392535 -0.33543036235976015 -0.40855359622538906 -0.47945053163604495 -0.5453120032208587 -0.6035283669355719 -0.6517929025810949 -0.6881932135017581 -0.7112870019122636 -0.7201592173903438 -0.7144583141274312 -0.6944101803080582 -0.6608091876910287 -0.6149867160368341 -0.558758399545077 -0.49435218556829214 -0.4243200561480781 -0.3514369102511682 -0.2785906133175521 -0.20866757071238043 -0.1444383590307421 -0.0884479469121022 -0.04291485516999674 -0.009643251838059788 0.010048534789656996 0.015380252580043564 0.006140641668378701 -0.017304194744077683 -0.054025296580362 -0.10256765528388169 -0.1610078659528533 -0.22703033884948803 -0.2980190505379894 -0.37116119917518986 -0.44355865679670753 -0.5123428024993761 -0.5747881864586929 -0.6284205210461007 -0.6711147200895501 -0.701179101645454 -0.7174224178964804 -0.7192010562343246 -0.7064445412682374 -0.6796583272874369 -0.6399037705310285 -0.5887560748287339 -0.5282418769418522 -0.4607589446746632 -0.3889811695762402 -0.3157526187284203 -0.2439748436299973 -0.17649191136280828 -0.11597771347592649 -0.06483001777363188 -0.025075461017223577 0.001710752963576967 0.014467267929664143 0.01268862959181998 -0.0035546866592064924 -0.033619068215110404 -0.07631326725855982 -0.1299456018459676 -0.1923909858052843 -0.26117513150795296 -0.3335725891294707 -0.4067147377666711 -0.47770344945517246 -0.5437259223518072 -0.6021661330207788 -0.6507084917242985 -0.6874295935605828 -0.7108744299730392 -0.720114040884704 -0.7147823230943174 -0.6950905364666007 -0.6618189331346637 -0.6162858413925583 -0.5602954292739184 -0.49606621759228003 -0.42614317498710846 -0.3532968780534923 -0.28041373215658244 -0.21038160273636836 -0.14597538875958346 -0.08974707226782636 -0.04392460061363173 -0.01032360799660222 0.009724525822770705 0.015425429085683316 0.006553213607603086 -0.016540574802902386 -0.052940885723565534 -0.10120542136908861 -0.15942178508380175 -0.2252832566686155 -0.29618019207927143 -0.36930342594490034 -0.44175557976540697 -0.5106658653977155
-0.12966170893016007 -0.19857199456246857 -0.2710241483829752 -0.3441473822486042 -0.41504431765926003 -0.4809057892440738 -0.539122152958787 -0.5873866886043101 -0.6237869995249732 -0.6468807879354787 -0.6557530034135589 -0.6500521001506463 -0.6300039663312733 -0.5964029737142439 -0.5505805020600493 -0.49435218556829214 -0.4299459715915072 -0.3599138421712932 -0.28703069627438327 -0.2141843993407672 -0.14426135673559554 -0.0800321450539572 -0.024041732935317306 0.021491358806788232 0.05476296213872518 0.07445474876644192 0.0797864665568285 0.07054685564516364 0.04710201923270721 0.01038091739642297 -0.0381614413070968 -0.09660165197606836 -0.1626241248727031 -0.23361283656120443 -0.30675498519840494 -0.37915244281992255 -0.4479365885225913 -0.510381972481908 -0.5640143070693158 -0.6067085061127652 -0.6367728876686691 -0.6530162039196955 -0.6547948422575397 -0.6420383272914525 -0.615252113310652 -0.5754975565542437 -0.5243498608519491 -0.4638356629650673 -0.3963527306978783 -0.3245749555994553 -0.2513464047516354 -0.17956862965321238 -0.11208569738602339 -0.05157149949914151 -0.0004238037968470001 0.0393307529595614 0.06611696694036194 0.07887348190644908 0.07709484356860491 0.0608515273175784 0.03078714576167457 -0.011907053281774929 -0.06553938786918262 -0.1279847718284994 -0.19676891753116804 -0.2691663751526857 -0.34230852378988624 -0.4132972354783876 -0.4793197083750223 -0.5377599190439939 -0.5863022777475135 -0.6230233795837978 -0.6464682159962543 -0.6557078269079192 -0.6503761091175325 -0.6306843224898158 -0.5974127191578789 -0.5518796274157733 -0.49588921529713353 -0.4316600036154951 -0.36173696101032354 -0.2888906640767074 -0.2160075181797975 -0.14597538875958346 -0.08156917478279857 -0.025340858291041466 0.020481613363153163 0.05408260598018267 0.07413073979955563 0.07983164306246825 0.07095942758438802 0.04786563917388251 0.011465328253219442 -0.036799207392303634 -0.09501557110701682 -0.1608770426918306 -0.23177397810248654 -0.3048972119681154 -0.37734936578862205 -0.4462596514209306
-0.05962957950994605 -0.12853986514225452 -0.20099201896276117 -0.2741152528283901 -0.34501218823904606 -0.4108736598238598 -0.46909002353857304 -0.5173545591840961 -0.5537548701047592 -0.5768486585152646 -0.5857208739933449 -0.5800199707304322 -0.5599718369110595 -0.5263708442940297 -0.48054837263983513 -0.4243200561480781 -0.3599138421712932 -0.2898817127510791 -0.21699856685416927 -0.14415226992055316 -0.07422922731538152 -0.010000015633743179 0.0459903964848968 0.09152348822700229 0.12479509155893925 0.14448687818665604 0.1498185959770426 0.14057898506537758 0.1171341486529212 0.08041304681663704 0.03187068811311731 -0.02656952255585434 -0.09259199545248908 -0.1635807071409904 -0.23672285577819094 -0.3091203133997086 -0.37790445910237735 -0.44034984306169406 -0.49398217764910174 -0.5366763766925512 -0.566740758248455 -0.5829840744994814 -0.5847627128373257 -0.5720061978712386 -0.545219983890438 -0.5054654271340296 -0.45431773143173515 -0.39380353354485337 -0.32632060127766427 -0.25454282617924123 -0.18131427533142136 -0.10953650023299835 -0.04205356796580929 0.018460629921072513 0.0696083256233671 0.10936288237977546 0.136149096360576 0.1489056113266632 0.14712697298881885 0.13088365673779245 0.10081927518188863 0.058125076138439175 0.004492741551031406 -0.0579526424082853 -0.126736788110954 -0.1991342457324717 -0.2722763943696722 -0.3432651060581735 -0.4092875789548082 -0.46772778962377987 -0.5162701483272997 -0.5529912501635837 -0.5764360865760402 -0.5856756974877052 -0.5803439796973187 -0.5606521930696018 -0.5273805897376649 -0.48184749799555937 -0.42585708587691945 -0.3616278741952811 -0.29170483159010946 -0.21885853465649338 -0.14597538875958346 -0.07594325933936943 -0.011537045362584465 0.04469127112917256 0.09051374278336714 0.12411473540039682 0.1441628692197696 0.14986377248268234 0.14099155700460195 0.11789776859409665 0.08149745767343351 0.03323292202791039 -0.024983441686802797 -0.09084491327161652 -0.16174184868227248 -0.2348650825479014 -0.3073172363684081 -0.3762275220007166
0.013253566386963895 -0.05565671924534465 -0.1281088730658513 -0.20123210693148022 -0.27212904234213614 -0.33799051392694995 -0.39620687764166307 -0.44447141328718615 -0.4808717242078493 -0.5039655126183548 -0.512837728096435 -0.5071368248335224 -0.4870886910141495 -0.45348769839711994 -0.4076652267429253 -0.3514369102511682 -0.28703069627438327 -0.21699856685416927 -0.14411542095725932 -0.0712691240236432 -0.0013460814184716589 0.06288313026316678 0.11887354238180663 0.16440663412391207 0.19767823745584903 0.21737002408356582 0.22270174187395256 0.21346213096228753 0.19001729454983113 0.15329619271354683 0.10475383401002714 0.04631362334105553 -0.019708849555579222 -0.09069756124408052 -0.16383970988128102 -0.23623716750279872 -0.3050213132054674 -0.36746669716478414 -0.4210990317521919 -0.4637932307956413 -0.4938576123515451 -0.5101009286025716 -0.5118795669404158 -0.49912305197432866 -0.4723368379935281 -0.4325822812371198 -0.3814345855348252 -0.3209203876479434 -0.25343745538075435 -0.18165968028233137 -0.10843112943451148 -0.03665335433608848 0.030829577931100582 0.09134377581798234 0.14249147152027694 0.18224602827668523 0.2090322422574858 0.22178875722357297 0.2200101188857288 0.2037668026347024 0.1737024210787984 0.131008222035349 0.07737588744794123 0.014930503488624569 -0.053853642214044144 -0.12625109983556185 -0.1993932484727623 -0.27038196016126365 -0.3364044330578984 -0.39484464372687 -0.4433870024303897 -0.480108104266674 -0.5035529406791304 -0.5127925515907953 -0.5074608338004086 -0.48776904717269187 -0.45449744384075497 -0.4089643520986495 -0.35297393998000953 -0.2887447282983712 -0.21882168569319957 -0.14597538875958346 -0.0730922428626736 -0.003060113442459571 0.061346100534325404 0.11757441702608247 0.1633968886802771 0.1969978812973066 0.21704601511667954 0.2227469183795923 0.21387470290151192 0.19078091449100643 0.15438060357034328 0.10611606792482021 0.04789970421010707 -0.017961767374706658 -0.08885870278536256 -0.1619819366509915 -0.23443409047149816 -0.30334437610380666
